5
09-04-2021 10:42:17

5
09-04-2021 10:44:39

5
4
09-04-2021 10:44:40

5
4
8
09-04-2021 10:44:41

5
4
8
9
09-04-2021 10:44:43

5
4
8
9
7
09-04-2021 10:44:44

5
4
8
9
7
5
09-04-2021 10:44:45

5
4
8
9
7
5
6
09-04-2021 10:44:46

5
11-04-2021 15:22:18

5
4
11-04-2021 15:22:19

5
4
8
11-04-2021 15:22:20

5
4
8
9
11-04-2021 15:22:21

5
4
8
9
5
11-04-2021 15:22:22

5
4
8
9
5
8
11-04-2021 15:22:23

5
4
8
9
5
8
5
11-04-2021 15:22:26

8
11-04-2021 15:23:35

5
11-04-2021 15:33:03

5
7
11-04-2021 15:33:04

5
7
5
11-04-2021 15:33:05

5
7
5
1
11-04-2021 15:33:06

5
7
5
1
9
11-04-2021 15:33:07

5
7
5
1
9
3
11-04-2021 15:33:09

5
7
5
1
9
3
5
11-04-2021 15:33:10

5
7
5
1
9
3
5
6
11-04-2021 15:33:11

5
7
5
1
9
3
5
6
7
11-04-2021 15:33:12

5
7
5
1
9
3
5
6
7
8
11-04-2021 15:33:13

5
7
5
1
9
3
5
6
7
8
9
11-04-2021 15:33:14

5
7
5
1
9
3
5
6
7
8
9
2
11-04-2021 15:33:15

5
7
5
1
9
3
5
6
7
8
9
2
3
11-04-2021 15:33:16

5
7
5
1
9
3
5
6
7
8
9
2
3
4
11-04-2021 15:33:17

5
7
5
1
9
3
5
6
7
8
9
2
3
4
1
11-04-2021 15:33:18

5
7
5
1
9
3
5
6
7
8
9
2
3
4
1
2
11-04-2021 15:33:19

4
11-04-2021 20:48:25

4
3
11-04-2021 20:48:27

4
3
5
11-04-2021 20:48:28

4
3
5
6
11-04-2021 20:48:29

4
3
5
6
7
11-04-2021 20:48:30

4
3
5
6
7
8
11-04-2021 20:48:31

4
3
5
6
7
8
9
11-04-2021 20:48:32

4
3
5
6
7
8
9
2
11-04-2021 20:48:33

4
3
5
6
7
8
9
2
3
11-04-2021 20:48:34

4
3
5
6
7
8
9
2
3
4
11-04-2021 20:48:35

4
3
5
6
7
8
9
2
3
4
1
11-04-2021 20:48:36

4
3
5
6
7
8
9
2
3
4
1
2
11-04-2021 20:48:37

